#doc name topic proportion ...
0	0	2.8178635453001213E-4	7.048913180765483E-5	0.028703925859347532	0.08535824928440447	1.4325437455258491E-5	0.021792578757787343	0.6647253401542608	2.917545264588428E-5	0.16447668480715	0.034535648383356723	1.1796377254561895E-5
1	1	4.0552631863664365E-5	0.6742059930025667	0.014495443754832327	0.011863676959131176	0.010724268734550688	0.1277318395114773	0.04949777213875881	0.00971033410405336	0.08333429291561134	0.018377856148779747	1.7970098374958725E-5
2	2	2.3731511625998988E-4	0.00838715890469261	0.0707642485341985	0.02139104744722863	0.006777154482209731	0.010697481854536934	0.006944895992550989	0.002153784763221236	0.05975343157710655	0.770748874634218	0.04214460669377608
3	3	5.404037377229351E-5	0.8956579278479184	0.02836812930053115	0.016474995118911033	0.021750805608427286	3.1583627168131894E-5	1.2255840500467808E-4	0.0021331033370420465	0.03515093822198832	1.99929007697279E-4	5.598915153930446E-5
4	4	1.2279051159376638E-4	0.09614035858468313	0.0203723601300791	0.017694362643225315	0.027755367312419132	0.2868246911158242	0.42796299755356754	4.6133896473082055E-5	0.010162730668808989	0.09081559802059876	0.022102609562727128
5	5	4.175873346624124E-4	3.1094320836463663E-4	0.7796884179684026	0.14143533909390602	6.319268473500025E-5	2.3138340814491252E-4	9.81880860678448E-4	5.365986838167301E-5	0.001936981926173958	0.063797766307987	0.011082847338563413
6	6	2.6699511193893866E-4	0.008138340450182656	3.72524418769436E-4	0.2326571384649836	3.4169851561174685E-4	0.5178056518764043	6.34514006022496E-5	1.0031332790403694E-4	0.23177990797040382	0.008433419234385373	4.055922881400508E-5
7	7	1.6862256362786533E-4	4.220487797663323E-5	9.719619724468324E-4	2.3253263094557926E-4	0.017282632969807227	0.3075224600067956	3.954231065986292E-4	1.4078389861014722E-5	0.629980860482872	0.04335588290556572	3.334009350301527E-5
8	8	0.01336554918437878	0.21475722405285916	0.008917842176471178	0.07595671978456504	0.016498679039941413	5.764942975356066E-5	0.03291117683896818	6.545196185564184E-4	0.6207444029203945	0.016128372822584298	7.864131526877727E-6
9	9	5.0893551412855164E-5	2.2694176349303717E-5	9.399145660438565E-4	0.057281055893292875	3.9371397946379763E-4	0.18197565662387757	0.01887173854751527	1.3324298620364365E-4	0.20459054113271072	0.5355680501741616	1.7249836896852377E-4
10	10	0.05125953902691373	0.8071905258509492	1.5169945339283184E-4	4.2693464019678964E-4	7.164971852524813E-5	3.781688318501334E-5	0.010609681060389129	8.770071244875199E-6	0.13019577033815027	3.91082161906464E-5	8.504740861756007E-6
11	11	5.945087001020176E-6	0.2324174301356797	0.35136404741021676	0.3036941781215402	0.04683092467266009	0.041971295184357535	0.0012006490979946298	5.337345460036052E-4	0.014689780720248052	0.007242620288502255	4.939473579508424E-5
12	12	1.49276846283655E-5	0.14677073888905492	3.004352914412313E-4	0.472667005316035	4.867898654019538E-5	0.2512025194678898	2.8667601115402838E-5	7.174741842660722E-5	0.1286077114727947	1.371158049510786E-4	1.5045206712287275E-4
13	13	2.904309316927131E-4	0.2005792352571422	3.1770318597631406E-4	0.05533380727407309	2.8555999883357186E-5	0.2391322304972331	0.3684628962992497	6.346182300444119E-4	0.13461414576498193	3.454958222781277E-4	2.6088073744519026E-4
14	14	0.001329245180619794	0.37744550234001795	2.4629571646929E-4	0.006093827967897039	2.21377082799943E-5	0.2618822932807012	0.08420238665239951	1.8798164970484734E-5	0.2669224555790709	0.001713676350101671	1.233810594723381E-4
15	15	7.208725769119818E-5	4.011742303312147E-4	0.006682886291516602	0.7914198779558301	1.0746452462893133E-4	0.029744037948243613	0.016855491525232937	0.015659806205523808	0.00763277926795646	0.003469589703482979	0.12795480508956303
16	16	1.121898212104824E-4	0.818096975552209	0.02464384562153456	0.07136762622519256	2.757114889325918E-5	5.901524638912053E-5	1.172338014111592E-4	1.3304858061825912E-4	0.08528842218923458	1.1824201985047745E-4	3.582979345533301E-5
17	17	0.11236275411362523	0.0505759911866231	0.030182994243601786	0.03486481314092879	6.147753077233999E-5	0.32450752875578537	0.0019486101050032857	0.024371783368766182	0.40124786150921515	0.006904318448949936	0.012971867596728982
18	18	0.004563409381430371	0.038602926235366916	0.013083934183466869	7.488789280125869E-4	4.788184797676727E-5	0.5797438152619145	0.15447694528056763	7.057252473799199E-5	0.17814924321166048	0.030208448467716024	3.039446771498223E-4
19	19	5.02030313309902E-4	0.8021462722107406	0.03700914940979934	0.02717405085009406	0.07693646705020889	5.995288725180657E-4	0.01380658373275765	2.5652578211885504E-5	0.037943119410269274	7.65630766258647E-4	0.003091514805831368
20	20	9.1128303627785E-6	0.022086771681217525	1.0274618854864337E-4	0.14502195903684084	0.8316247196109524	6.587405057000053E-5	4.9764197392737796E-5	4.3799294355842095E-5	9.487574730337858E-4	3.530897093634787E-5	1.1186665789258173E-5
21	21	0.03837594663099823	0.003966904980462987	0.0011030174736836977	0.001744491652892316	2.9197524558134385E-5	3.167706418140488E-5	0.8630774055389167	7.346192660570715E-6	0.09142894077614426	1.9712883283917867E-4	3.794333266180059E-5
22	22	1.1619380722288613E-4	5.18125121672511E-5	0.16505019858396844	0.09942830160429307	0.03786492735241278	1.849882058480284E-4	4.91452851194575E-5	3.239458129443258E-5	0.0044310704560753325	9.915502580055052E-5	0.6926918125857978
23	23	0.006133631572773504	0.35967854811847605	3.182808628267004E-5	0.042355822358760425	0.3634898386268434	0.07935755449472308	0.08088908342332432	2.379898752937629E-4	0.06097579059999424	1.2344484553190857E-4	0.006726467997996192
24	24	0.02270813290359928	2.659585764959725E-4	0.0011847964760124147	0.5276038014139831	2.0961300436541524E-4	0.3204755109202498	0.021691694148270296	0.05964054674169432	0.0034550541695572493	1.813299829878052E-4	0.042583561662784604
25	25	1.228137796151211E-5	2.4865591213149712E-5	7.324860012204349E-5	0.7677314004491562	0.0627624728407387	0.11264128674919144	0.041026875179114713	0.002624451599404933	0.012844787487349955	2.4325383603080117E-4	1.5076289716547223E-5
26	26	0.0019386642450738185	3.469777088601114E-4	4.8223135036075306E-4	0.4124374675207194	7.551756681552735E-4	0.46169322257025447	1.1973633293076299E-4	0.03186591895828115	0.003731971921954272	2.415788035852211E-4	0.08638705491982539
27	27	1.1727784206259238E-4	2.3480452255375745E-4	0.017263587229336817	0.7348300851735131	0.010983774155147463	3.722020452907066E-5	3.2307462430552765E-4	3.063898620569483E-5	0.05321464800031757	1.6415184671412174E-4	0.18280073741531433
28	28	3.31098888961588E-5	0.1430806777495177	0.022235641728199886	0.44081089469463264	0.37809771449534124	0.013134014538073176	6.358528542643228E-5	1.591371409452995E-4	0.0018060056083661316	1.8690117125487023E-4	3.9231769934661094E-4
29	29	0.07917434333848158	0.002629163236350229	0.18694716808695006	0.2021880861857202	0.05035561453438589	0.19126905102401512	0.042797420117837416	9.905998897167665E-5	0.223155253494532	0.021307243672063093	7.75963206929778E-5
30	30	1.9953088424416325E-5	0.16877155494189733	0.08058154872400893	0.1336501620647968	0.0020783964546310183	0.3897058696621859	0.06450019024167762	1.6654432797151705E-4	0.003984726339140304	1.479542558208259E-4	0.1563930998994455
31	31	0.0090156682474853	4.695516924248229E-4	7.892425931650497E-4	0.23903543995797616	2.4865446093654247E-4	0.008939594319013028	3.124711922369107E-4	0.018472211318708864	8.120253332005033E-4	6.259223031475035E-4	0.7212792185817052
32	32	2.2228433564798417E-5	2.41752276736961E-4	0.06639706512066855	4.647604789251967E-4	1.511855539951019E-4	0.04250070173829569	0.07484601125336986	2.8138327028313474E-5	4.2547865055569994E-4	3.615734790490553E-4	0.814561104687811
33	33	6.965892503883516E-4	4.6955169242482285E-4	0.11812933832382266	0.5844312753559645	4.324510298353125E-5	0.13254467546723747	0.158991200210938	8.807378191437148E-5	0.0014282534070595362	1.1239890826497589E-4	0.003065398499001965
34	34	0.7239223087694827	3.8493892161232687E-5	0.012126464636267315	0.001884050673427451	6.356116904237605E-5	3.793429544914123E-5	2.423199490709123E-4	2.522230465838507E-5	0.2614563653265312	1.596782909541153E-4	4.360069295397698E-5
35	35	0.0313807250857958	3.91701299669105E-4	0.23988115120792589	0.11899339970572446	1.8180475986685226E-5	2.3391184561673585E-5	6.659817837205716E-5	0.11147842371152535	0.0035149337820488615	0.2765350430333762	0.21771645233501397
36	36	7.872670864033906E-6	1.5939466733636705E-5	0.07665559329065626	0.7546280005359786	1.2322779407955467E-4	1.5099955890498014E-5	5.6928263441150535E-5	5.177512040260964E-5	0.1680569836986643	3.3710558847859857E-4	5.147361481055282E-5
37	37	0.36980800222220234	0.024883648910220324	0.4348102060135725	0.0013465400428732902	0.002104897091201339	4.599186941154626E-4	8.201578971529563E-5	0.0011880789530708527	0.16396477468968532	0.0012994916870615971	5.242590628182387E-5
38	38	0.005277242892536307	0.00709772464452543	0.031345827671998165	0.0891169058033145	0.005006379848934423	0.14198734951889172	0.0063023424069796885	0.38452768549033084	0.0721368702570417	0.12722474900438047	0.1299769224610677
39	39	0.024021879185146557	0.07695255449717249	0.012046908015709732	1.2251882713201474E-4	0.85980277021912	1.263063548787586E-4	1.2632528418048993E-4	9.943335780316506E-6	0.026667286380130096	8.605528802752069E-5	3.7452612721874086E-5
40	40	8.758065791753641E-5	0.39012544337725424	0.04261527757127702	0.034896879606990824	0.048771672547630505	1.4454526998078405E-5	0.010940546202150394	9.539809771677048E-6	0.4721399543347708	3.3603717717065897E-4	6.261418806793923E-5
41	41	0.6605950547061444	5.0077982849495484E-5	0.0014347481476508538	0.020336125630582697	1.7934456099893667E-5	4.949151616186041E-5	6.897625334616681E-5	6.961912287559314E-6	0.317354154273163	2.1309384622691564E-5	6.516573709048646E-5
42	42	1.294951820190478E-4	0.0018668380691065569	0.23688579802599338	0.35871161931803125	0.03366155600356214	0.0020822655808027065	0.3108639702612434	3.931605532466602E-4	0.05474458450491928	5.017476937772744E-4	1.5896480729885533E-4
43	43	7.816163194319466E-5	6.892727524601096E-5	0.9461526527324715	0.0014867820330042734	1.8463890021461657E-5	4.56811763099291E-5	4.571102384625323E-5	5.952925057612622E-5	0.0519589716883887	2.6064387741434155E-5	5.9054910451117595E-5
44	44	1.2982488594628686E-5	3.9399713849349325E-4	0.09924477040368333	0.6347355822811932	1.802277416654905E-4	1.1682870818895755E-4	1.1685999417532954E-4	1.6434154419928178E-5	0.20701757561861406	0.05775811047633345	4.0663099463826514E-4
45	45	0.0217306565948209	8.71761318162738E-4	0.14012116610466208	0.0012210751958498859	2.984487738454766E-4	6.678169624473394E-5	4.3668103331239496E-4	4.407509692218748E-5	0.03012842061881208	0.7846983432421477	0.020382590325220152
46	46	6.093185662627998E-5	2.2465483711481745E-4	0.0666657869747419	0.06807489886925716	0.043667805189760045	0.320257484185132	0.02076844119516926	1.1477545023180847E-4	0.4794322708801002	5.843605420338013E-4	1.485900198330555E-4
47	47	0.04311054856016531	0.0034776477429799726	0.04569513196152918	0.18967833503878237	0.4719679752413012	1.7907192649627086E-4	0.0470408068254447	1.0935635724799392E-4	0.19733167749989503	0.001271293573291482	1.3815527286662182E-4
48	48	0.6142316527264161	0.25681561151390997	2.4044040505200428E-4	1.74042186314133E-4	0.08241148230739696	1.0615444266679973E-4	0.02314944068439458	3.26373587781284E-5	9.499153317463893E-5	0.022684744291676516	5.88025502189119E-5
49	49	3.041571716778094E-5	0.032480732223477936	0.04338883842131747	0.03665305652201893	0.13663362173455654	0.038738027167998054	0.5089587430418877	1.3051598872088055E-4	0.2028134120791582	1.0085029183381624E-4	7.17868118628116E-5
50	50	1.242197929004995E-4	1.4438918188823665E-4	0.5449578543839473	0.27331962198121595	2.0357036277758548E-4	3.775438091854469E-5	0.05056342599662258	2.4917426357723875E-5	0.03295709180668055	0.02094857813460946	0.07671857655208177
51	51	0.10930279685674306	0.37789104025090176	0.2603618812883659	0.024557219732415803	4.23482969716677E-4	4.5944638850247354E-4	0.005823729076956164	1.0654970005471327E-4	0.15821246537251796	0.0019651572830422263	0.06089623108078443
52	52	0.00353361166039965	2.4860726767645735E-5	0.061805239366275674	3.0020669446860813E-4	0.0013442388706240156	0.010978808587183144	6.705417848201801E-5	4.7201264925895634E-4	0.043338754648953516	0.8477758156456672	0.030359396971919778
53	53	8.791331116466597E-5	1.0775294191797055E-4	6.638889395946205E-4	0.16945188201767508	2.886431332098094E-5	0.6133296886441364	3.7183778088064085E-5	2.987145008936571E-4	0.21575821919988614	1.0929716882974601E-4	1.2659518449293305E-4
54	54	6.676784096818652E-6	6.517684763719688E-4	0.006682352281701008	0.22798312818127833	2.177290660088212E-5	0.001076556671187153	0.23317510203027353	0.006060010075974475	0.5241903716974076	6.132850798443556E-5	9.0932387123096E-5
55	55	8.81216982419738E-6	6.464035666203208E-5	0.8059578142966951	0.11379595474443877	1.3793339861967123E-4	4.810108606914568E-5	4.2251212825447697E-4	1.1155069277350142E-5	0.07946131642294231	8.094274422936608E-5	1.0817582987622451E-5
56	56	1.5009789193460609E-5	0.0026608981507132133	4.349416944345705E-4	0.02414783122962043	1.2865910602991972E-4	2.679262385338239E-4	2.882527733783774E-5	1.9000455237677488E-5	0.9713966302912329	8.552813610832075E-4	4.499640658327137E-5
57	57	6.241250590171375E-4	8.818817357099464E-4	0.08944913387993286	0.017885974373850356	0.03533528628398038	1.77179021287271E-4	4.523283676591892E-5	0.04001089026169677	6.570861341937142E-4	0.09114738587557072	0.7237858245379949
58	58	0.0017830855521754592	0.09246541863577257	0.10352558631819768	0.003061974223710529	0.18638606910002087	4.434647934666709E-5	2.0811983555802516E-4	0.031053760523848895	0.014726926275417244	0.553946354644995	0.012798358410957325
59	59	7.964577118879194E-6	0.08366632590811832	0.12452881347591235	0.04844198332737968	0.6237578472933155	8.577193642027691E-5	2.5498081548725257E-4	0.01310818361579126	0.06717976523446702	0.023943002122724315	0.015025361693264893
60	60	2.8398832616366103E-5	2.0755643972059855E-5	0.11393608273372947	0.7506456660670701	3.3429786007580645E-5	9.225207529385413E-5	1.2857158177106336E-4	3.1124389891978E-5	0.13503141386229894	2.1573244237671816E-5	3.0731783111030234E-5
61	61	1.588356580715055E-4	3.190851273657372E-4	6.464641905700213E-4	0.48687174369819003	1.8697395528306484E-4	1.0997288596640137E-4	0.028732841620510603	1.7407979466442687E-4	0.4822029620994709	4.2515703861773846E-4	1.7188393129012624E-4
62	62	0.005361252814713274	0.2831160591111795	0.03375082205485844	0.13121470948584246	3.756290008188851E-4	5.396933488549968E-4	0.5424156720656468	3.588391429379502E-4	0.0020898987340265173	6.857740530723495E-4	9.165018804955388E-5
63	63	2.8328032415843888E-5	0.0026650068015895206	0.030457837561800528	0.07746788657484212	0.22149208039803794	1.0448094740749126E-4	5.4402055904803375E-5	0.018389719499512916	0.00114399812298508	5.96138747904644E-5	0.6481366461307131
64	64	0.12326489633532609	4.2765039402791887E-4	0.05459764593512934	2.717841904293443E-4	8.615586781974761E-5	0.32631694001129047	5.073815680958059E-5	3.344453779243371E-5	0.03810864909506795	0.4568096627720313	3.24327042761557E-5
65	65	1.7658821306876216E-4	1.6525915329074076E-4	0.15946631729368055	0.1387391909619657	2.2652202058833775E-5	2.914455262197516E-5	1.3677657366398228E-4	0.042976699673519664	0.6579946518307076	2.2026873670594535E-4	7.245080871637212E-5
66	66	8.769925779800706E-5	1.7756101155227245E-4	0.5086495485554506	0.007577822793677137	1.3073821021109068E-4	1.6820910555643133E-4	6.341642547673033E-4	0.016256801220497125	0.0013681722077828094	0.0012712909909420027	0.46367799239176594
67	67	1.5483739539291863E-5	5.79545159786075E-4	0.4430894398098778	0.034777851010586676	5.049227441426791E-5	0.03843081963851148	2.9735466680730185E-5	7.442000331539797E-5	0.17909046387464322	0.03010112826973463	0.2737606207529106
68	68	4.160297436398585E-5	1.5787866894523847E-4	0.14231294156317342	0.0048467816946397525	2.8296050231015296E-4	2.2708916084658088E-4	3.008362886537433E-4	5.266399427525256E-5	0.1282790631365129	0.7229315832292763	5.665987870029748E-4
69	69	1.3773602377258398E-4	2.7886835444579583E-4	0.01740155562946893	0.008731626315766267	9.368045210400088E-4	0.3781922553960547	0.5710578176858925	0.007732917516751813	0.004343203228876547	0.011018134284638879	1.6908104329239638E-4
70	70	1.4376384583671307E-4	1.1675578286104737E-4	0.9043916621659726	4.905159650286129E-4	3.50078760880892E-5	9.660693670082059E-5	6.477508126192207E-4	1.3589582050412286E-5	0.090968921825597	7.960384056365335E-5	0.0030158213666818304
71	71	8.314806505098317E-5	1.0314478692206244E-4	0.49164345068646526	0.030002302814472293	4.8662641711789984E-5	1.3722960978999047E-5	0.01124808580996148	9.056985210322123E-6	0.4668119201815033	2.7722093211898845E-5	8.782974510903476E-6
72	72	1.3988478664342635E-4	0.0020166174596085327	0.026587651464098003	0.23891460121354896	4.5616248036578803E-4	0.22115280877985166	0.4603621519979943	0.0011675895625491359	0.01951629036415814	0.008961368314561182	0.020724873576621373
73	73	0.007321933699980395	0.004558845892977226	0.24712634993187085	0.16507309307523452	3.7924807496823E-4	2.2306318138436476E-4	0.5707037718559288	1.472189520801911E-4	0.001402591422246831	0.0029211189342974423	1.4276497903172028E-4
74	74	0.022095375365871864	0.040226090736984584	0.0990904351199617	0.008375623473624572	0.0010922142817456403	0.12599561817517507	0.2481099483633872	7.115723839978053E-4	0.015569821240696419	0.04189040896283534	0.39684289189572014
75	75	7.56199844804602E-5	0.005070555185924555	0.014925459246756501	0.015651668131844435	5.2209663214260163E-5	1.913769218457944E-4	2.8330472424891326E-5	0.9579619324137566	0.0029462142790965774	0.0030600330434985487	3.660065715694854E-5
76	76	4.231017249867106E-5	2.82800315149392E-4	0.01823400343116088	0.007502495503658441	3.0387421351506253E-5	3.436888654730673E-5	2.1584568765383615E-4	0.9682191885945176	6.73242148194814E-4	0.004753918731574174	1.1439107693398997E-5
77	77	1.1720324846701234E-4	1.798605548081836E-4	2.239979193930326E-4	0.00631948692555976	7.994444944701023E-5	4.219486089066003E-5	0.001054839713852644	0.09016088761070712	0.07692966338934273	0.8248687478732879	2.317345424406527E-5
78	78	1.269265391633501E-4	1.1193088326628205E-4	0.03376624349833523	0.02117797292154658	4.2163336830469656E-4	7.418158333930423E-5	3.862551732223578E-5	0.8788878116907687	0.026411900817249177	0.03881566494282405	1.6710823788043439E-4
79	79	1.8365887027686575E-4	0.8631211666149823	0.061571116857959664	0.0025673026485881407	0.0016834280533765053	8.382462141312591E-5	4.45975063690645E-4	0.031168997845650026	0.03853554191034715	5.708550413227053E-4	6.813247239311947E-5
80	80	8.894198313072673E-5	8.098684901930105E-4	3.730199707654864E-4	0.004693693785124031	2.9003865686255453E-4	3.2804052626690715E-4	6.431505564110385E-4	0.9240165504892387	0.023430258092936033	0.045059806813312744	2.666306357597777E-4
81	81	2.4472602086932126E-4	2.64933340205336E-5	6.571452837568105E-4	4.357416500353341E-4	1.121633208420623E-4	0.0010906451091544963	8.3587189108244E-4	0.005923401778250887	0.07520939411426486	0.9154020261523873	6.239134533622105E-5
82	82	4.4956308658209236E-5	0.0553341549582957	0.11368709184464225	0.36575879520870275	0.0015467737240401434	3.1126354532518645E-5	0.0048574605673233386	0.31798146097996766	0.12200221384995458	0.018736044703057276	1.992150082586598E-5
83	83	0.09065554688727345	0.1065893276682203	0.5986182908775682	0.17086840415742507	6.770382280043291E-4	3.211443977467037E-5	1.2107447869485804E-4	0.02820873666581267	0.002602762911085862	0.0016061497906364392	2.055389550436863E-5
84	84	4.937027554832987E-4	3.80560196680065E-4	0.008288546195673171	0.002467888130224305	0.0016749197111985625	3.777452216976845E-4	6.581917159047582E-4	0.934783203886284	0.019057288777412605	0.031411704147474184	4.0624926196754295E-4
85	85	1.2310024390172817E-4	6.955872146956698E-4	9.105591860966019E-4	0.689132836793286	2.7079807536664786E-4	0.0018675682485789363	0.005182611424991351	2.46928544189098E-5	0.30138193809485814	2.8276843857225645E-4	1.2753942523382154E-4
86	86	1.6288999993299282E-4	0.17203977521003347	0.03693661108934907	0.27085799741696953	0.022702083580446484	0.22047133894277338	0.12739526709620447	0.05797108276989305	0.09119417851257665	2.3708957504514654E-4	3.168580677575454E-5
87	87	9.28126953909825E-6	2.3238126822045606E-4	4.168151334133997E-4	0.0038086540999958205	1.3836109888446445E-5	3.4640148034552803E-4	6.711401588042251E-5	0.0060251252511250636	0.09870830492877077	0.8903278330255021	4.425341731911727E-5
