#doc name topic proportion ...
0	0	3.520125887807825E-4	0.0040957104011932356	1.8781569536085985E-5	0.25594988072053343	0.0015004361548432146	1.06176376921936E-5	1.360046325296902E-5	0.012564603799066987	0.012374896018844578	0.08505626512997394	0.6280631955162821
1	1	0.6754472490851121	7.03241095704742E-4	2.2168226554348456E-4	0.06948828210523203	0.02440003405124577	0.009424346940082944	0.0030027033585320055	2.1510992156414965E-4	0.015163939457853534	0.05468280344752673	0.14725060827160197
2	2	0.007170887623919782	0.06504586959353882	0.0657876480370312	0.04674942024185793	0.0064801113775260644	3.4595334706449696E-4	3.889471847271249E-4	3.4826991590280055E-4	0.7633515367458245	0.027824271088264338	0.016507084844343236
3	3	0.8794112856223939	0.0017003930831048443	1.27415065607835E-4	0.10605927899887682	0.006484037884326293	8.99676674559756E-6	0.004764239841892461	8.182476928443723E-5	1.1620361768778461E-4	9.342962391015658E-4	3.1202811097821696E-4
4	4	0.10120033197862098	0.009515781954678603	1.8026533640367554E-4	0.042040745547700625	0.0017219171924945688	1.6293015878030103E-5	0.05161298852329549	0.02450551917695737	0.11389483681891127	0.037155268258512966	0.6181560521965458
5	5	7.455502798546865E-4	0.7198332105618875	0.03212381564361475	0.21444386165377885	5.175242248881513E-4	5.480469483090056E-4	3.459992136726737E-4	0.02988223757018793	0.0011711037653956446	2.1750627011401453E-4	1.711438682955977E-4
6	6	0.011339444145993048	4.4602627269344245E-4	0.010879014755274493	0.06336402754020372	0.015064550861193989	5.377298109959414E-4	1.0184534988563657E-4	0.4657221971037994	0.03296662992477197	0.38216315727829014	0.017415376956897738
7	7	8.144344064295023E-4	0.011747175494494291	2.1427017154249382E-5	0.03305699753750838	7.918448907698986E-5	0.0104456971370227	0.04148713586795631	5.042423668065053E-4	0.04038955630536462	0.8434320558763703	0.01802209350181566
8	8	0.2241510885373699	0.006279796743431295	3.3611686427165895E-5	0.28154846651924115	0.013492667089140467	0.01631082534201471	8.845693190937867E-6	0.01400244382627541	0.002389288397325805	0.4198049022981397	0.021978063867443564
9	9	3.0026233251626515E-4	0.0013730973753523588	3.687531608231259E-4	0.10588493855622017	2.233002121187918E-5	3.0125600295736375E-5	1.7990817721829185E-4	0.02346826550894185	0.5763731050094132	0.23115521889621313	0.06084399536179344
10	10	0.837257602041824	3.7480442986075415E-4	5.8398440687649525E-5	0.004152185582850946	7.064029578790353E-5	0.07891932288013591	2.81971198820427E-4	1.1210773538875098E-4	7.197743557773911E-5	0.06557866247023086	0.013122327488835173
11	11	0.2339498433198394	0.10171300187849397	0.018319296565830877	0.5799827527612526	0.0012850335031023101	6.419256664253353E-6	0.03981631057953837	0.014318886704448641	0.008704848714032862	2.787889913630382E-4	0.0016248177254343196
12	12	0.1746747124048147	3.462279256352881E-4	0.0029215942253249566	0.19785096358316961	3.021876213597688E-4	4.069257386146486E-5	6.990663408684511E-5	0.4469833956395763	1.0726268583384778E-4	0.17629780036887072	4.052563374659232E-4
13	13	0.21791881304201693	8.690672366424124E-4	1.3331316613634606E-4	0.03481310490928649	0.0014554859170642412	4.070206981375073E-4	2.519226150644152E-4	0.08416481695899254	0.010214136278638042	0.15581831675627247	0.4939540024217481
14	14	0.4454612326916265	0.003874791803303721	7.932640649509372E-4	0.0356279474020151	2.7690340937294505E-4	7.810145862288467E-4	3.412481166624521E-4	0.05444113845292135	0.0093867703757749	0.3092673304670394	0.1397483586301033
15	15	6.608498427524516E-4	0.004527474000159167	0.01898350498930878	0.7880850527313183	0.01764704779804921	7.898534000855997E-5	0.07094892165804928	0.08698375570077123	5.307377244744818E-4	0.0014725455011824656	0.010081124713925513
16	16	0.7898882849703849	0.002456595144138386	5.588136124461814E-5	0.18912639099283096	3.8392844790935964E-5	2.788275406312648E-4	7.121241373573386E-5	0.007177526088391702	8.495643055205148E-5	0.010681929018613881	1.4000319468597799E-4
17	17	0.06948764875085012	0.015596197449129939	0.008483954671446779	0.06940994522065695	0.029096971837605956	0.12553697096518532	1.391800828910162E-4	0.04087364355981251	0.019986306682219915	0.6014630141158251	0.019926166664375855
18	18	0.09330657219150135	2.969009885583421E-4	0.010394544841305774	0.03356278264700912	2.2810051041174937E-4	0.0033312053613889676	5.152678707748589E-4	0.0016296805902768696	0.05183982433580955	0.4528026035837877	0.35209251707917516
19	19	0.8130456513001847	0.014294914859578017	0.0060434253560228595	0.08810016610861976	5.283820386329224E-4	8.522405626794603E-4	0.043919191482138846	2.1941162387284632E-4	0.0067650222460520475	0.0013553107867656537	0.0248762836354527
20	20	0.016732906322363194	1.0436555894266588E-4	1.7022620565811202E-5	0.11639662551245983	0.009648841050943774	6.925581976385225E-5	0.7939452548696588	0.06265698096685701	3.484673066239472E-5	3.1358243190446355E-4	8.031811587785848E-5
21	21	0.003094865054640108	3.0038312329396503E-4	1.1063913151324835E-5	0.09657224560438328	5.057677824847006E-5	0.04388075494624604	1.7701406924953462E-5	1.9254007351881722E-4	1.0016554222205503E-4	0.00932172585123923	0.8464579777061324
22	22	5.9494492652149E-5	0.17180268696949175	0.7658763850985802	0.028566784885943466	6.464239012058163E-4	2.7416396770092475E-5	0.00806248643189322	0.023142213668487743	3.9658722727709027E-4	0.001275642684422936	1.438782432749988E-4
23	23	0.4055658913898139	0.0012027756150590446	0.016258159145064167	0.054954983102323635	2.55995921288399E-4	3.5001196406952165E-4	0.3269988626658544	0.02114176527094994	1.0555785984758458E-4	0.052035990225913674	0.12113000683981594
24	24	9.532461794229224E-4	2.9790376614340005E-4	0.0549434806903831	0.11828314361251377	0.05213821832428468	0.020198149732248916	7.586068100433347E-4	0.6925637648716627	0.011503987380070748	0.0012780854611425605	0.04708141317208303
25	25	1.3580089619889013E-4	5.092046873270153E-4	4.0611990341526624E-4	0.09185809531550974	0.017868830198951746	3.491159564828563E-5	0.028914215089955734	0.8059004175334814	7.072986741118178E-4	0.0021435795882841086	0.051521526517115654
26	26	0.0304148297371641	3.278080415096425E-4	0.09353209958931043	0.017325630329279525	0.06306031098240442	7.052027175655645E-5	0.0028215408575152524	0.7285632626155675	0.0012385957435256658	0.0027349577024959426	0.05991044412947031
27	27	3.4787202812783447E-4	0.008901107171346982	0.2949493167003375	0.27481864162214514	1.231096491855989E-4	1.1007078412603796E-5	1.8461841631235712E-4	0.4198840442469886	5.343630556589817E-4	1.5405226994935303E-4	9.186776153446733E-5
28	28	0.13677485660290237	0.0010389383022868994	0.014443092037167506	0.2440659668470784	2.854094747099144E-4	3.529571648300972E-5	0.35458582817979045	0.24758083073250184	6.746021037379377E-4	2.2059334342091445E-4	2.9458665992025603E-4
29	29	0.02209637978360317	0.008403462630264456	0.011194297074767951	0.5507714152680901	4.951694076558692E-4	0.05155253312456419	0.0046695474903330775	0.0614918780714039	0.03248164499951259	0.18536745851814265	0.07147621363166153
30	30	0.2726771903333607	0.02831253722476767	0.3267037252504326	0.12608010657696547	0.0012505741882182953	4.711445996247044E-4	2.3571366530601278E-4	0.04149754619629629	8.070552109276087E-5	0.01750660698781655	0.18518414945611852
31	31	7.628879239616865E-4	1.486356798320405E-4	0.7956001434671409	0.05456801710491466	0.026462954686233733	7.750112317027549E-4	1.8956556976692268E-4	0.11248920864647549	0.0085368578054158	2.49378212551615E-4	2.1733967200375713E-4
32	32	5.292006967451298E-5	0.10944693088092351	0.01923507077685084	0.04913548042330858	7.26108583607908E-4	6.216615080965766E-5	0.7320070279394894	7.507068428733247E-4	0.020186945163700572	1.9019324064328122E-4	0.06820644992811824
33	33	6.835184247326193E-5	0.05089432663710691	6.412698234205265E-4	0.5955847643390492	1.0831254548789828E-4	3.149806225208845E-5	2.8432718837346094E-4	0.10993123593361037	3.0924166264968467E-4	0.0018071287615134448	0.24033954320406278
34	34	1.4002614039101423E-4	3.0736502825011994E-4	9.748728949463805E-6	0.1475293469792534	5.909826130632436E-4	0.8033936122017589	1.559721373218382E-5	5.866139096683963E-5	0.001787277097910831	0.04603600720620296	1.313753995216418E-4
35	35	6.861437339222484E-5	0.0010289955852734413	0.3449747792375049	0.33334216674179334	0.11926569157141521	0.006106222944060413	1.579156739349379E-4	6.026779397687095E-4	0.19331455995580216	1.2174920820449148E-4	0.0010166267688496156
36	36	2.3732066140772688E-4	0.004617249973696927	3.629543952261819E-4	0.9108296284552564	1.5730845283820715E-5	8.337541113765832E-4	1.066410651378502E-5	0.04758946492688837	3.912717107865293E-4	0.034977989395958434	1.3397141760537209E-4
37	37	0.03569567196483568	0.174875419002845	0.003973196970320746	0.3515945749637315	5.202090875093834E-4	0.4119079277061544	1.3163182719356226E-4	4.950695817386793E-4	0.01983919942704863	8.671218551258474E-4	9.997761349594645E-5
38	38	0.018175196499816294	0.03381419107040635	0.1289376826055276	0.014429772202949871	0.30768112982265095	0.05142242205995855	2.7577309188615314E-4	0.16618285656634768	0.10722957059300829	0.1130710901257244	0.05878031536172354
39	39	0.1126515747600106	0.013575042821478176	0.003660911537495282	0.01534327920429345	7.767490820612878E-5	0.018178877257836616	0.819732670638679	6.0829157053655884E-5	6.665667190589425E-5	0.01656022356944429	9.225947359692298E-5
40	40	0.4440799713107268	0.035149325439990824	3.842495674957431E-5	0.1762063138953099	1.4944817821100446E-4	2.0357624350801157E-4	0.021816387537764208	1.8187143714429375E-4	6.527732301930338E-5	0.303404835337634	0.01870456833994236
41	41	6.677796747516823E-5	5.4143896122122125E-5	2.8349134407387397E-5	0.1802240216998434	8.319041034630462E-5	0.7474537171521303	3.453008001130626E-5	6.199603488540207E-5	1.7448388161083053E-4	0.07180626985537339	1.2519887794935554E-5
42	42	0.0036964276013994185	0.20903028162912862	0.0021544199071380677	0.3304523314539053	4.7152833020612435E-4	3.4955283170218275E-4	0.1140376028320585	0.10108876958105098	4.965379719797866E-4	0.001919149941935648	0.23630339791949562
43	43	1.482155330437867E-4	0.9313381623358087	2.2867573142492016E-5	0.0674829505973246	8.450812741146376E-5	7.300871016506555E-5	3.658635168633054E-5	4.1798066782054835E-4	1.0689300238621282E-4	2.209847569998499E-4	6.784234421083469E-5
44	44	5.253033787176061E-5	0.0691210264011713	0.012781410500577996	0.4167082382811106	7.044913155123959E-5	3.6004720595953536E-5	1.809194611413842E-5	0.3858407809148921	0.05608752195780818	0.059231704964913964	5.22408433923301E-5
45	45	7.255535367124029E-4	0.13673503050293057	0.00334329845836668	0.028996324852520988	0.0012415384557651209	0.03865355622160489	5.164479276993173E-4	5.190196457739394E-4	0.7836862154964251	0.004975253013235036	6.077618889653585E-4
46	46	7.056867753675453E-5	0.0509128690582815	0.0022953575218866516	0.14574049658655175	1.9594953814901721E-4	1.0351011124337423E-5	0.05687530646850012	0.06389958062470737	1.3369524556842567E-4	0.6433627073286644	0.036503117939029155
47	47	0.0172512667356472	0.030646216540957515	8.666541583900595E-5	0.3475513447449574	0.0029575845058951227	0.0586069418823272	0.40405062163320526	0.04760700527229305	5.334102247956465E-4	0.040660262171459204	0.050048680872623055
48	48	0.2571071906325677	4.7997138246146804E-5	4.912702647347212E-5	2.0468311885382779E-4	3.3752332806994174E-5	0.6154773727447813	0.06277284496941055	5.4957852504666716E-5	0.03798078820945895	3.2269468562851265E-5	0.026239016506334138
49	49	0.04886232219433493	0.04803249671939012	2.134051689490937E-5	0.09379584572401023	1.9100292304650215E-4	1.6158173337448142E-4	0.11548031661653153	0.04421737587709683	3.8010012475940276E-4	0.13180028754944	0.5170573300211204
50	50	7.887277495961723E-5	0.35770543192899146	0.05631500851391911	0.44905661337772546	5.32868649730414E-4	2.1206862108636808E-5	4.8710903712168485E-4	0.0672462128166813	0.022844045056392134	4.939249223995695E-4	0.04521870605997021
51	51	0.2722329687898278	0.2322578133301574	0.09856183984561237	0.11314041457431613	1.7024299784759405E-4	0.08355772092030495	2.5498749459845635E-4	0.003052681850666809	0.0011637215080656333	0.10803813363234593	0.08756947505625663
52	52	1.8283218112079294E-4	0.054203394426561594	0.04220632561183208	0.02128828388844919	0.006694607899802526	2.6538661234471E-4	7.442698926982111E-5	9.473049144712148E-5	0.8448752997651766	0.030087726457904182	2.698567609075698E-5
53	53	2.3588506836786716E-4	3.824951277872527E-4	3.869974533732742E-4	0.06392427829596968	3.8875520042799496E-5	8.432032169560556E-5	1.2197331832903885E-4	0.22820701986308148	1.3824718363133012E-4	0.7063719367351545	1.079711125667336E-4
54	54	1.1516041659979705E-4	0.015456940133935258	1.2642731673698212E-5	0.21582783857402776	0.005992548010760214	7.1472165354995295E-6	9.155092561082794E-6	0.2841913479114549	1.0338684592042288E-4	0.22769120064580156	0.25059263242073004
55	55	3.4366139313829416E-5	0.6735333725360544	1.6344965899455828E-5	0.3226608644210123	0.0025511543173370997	6.649881009816655E-5	9.772398171681716E-5	1.4129715288347674E-4	3.34595147781361E-5	7.591681151634058E-4	1.0575004574319009E-4
56	56	0.003397858903254612	0.007245771980924813	1.2715523518977203E-4	0.10558501781153798	2.032694270187003E-4	0.0057779478456434375	6.99066340868451E-5	0.01035848581810012	3.7928772027178613E-4	0.8667962559666991	5.9042657272183465E-5
57	57	0.0041410671286372285	0.04377969370294096	0.7525415604584829	0.04068986558047248	0.054170452636895926	3.708592324953929E-5	0.032674629069956156	0.0022131072771756854	0.0685690730015384	8.415892661902433E-4	3.418759544601055E-4
58	58	0.11347788874152599	0.07221728090873002	0.001163465032627395	0.056174394041721684	0.02257376651572055	0.0033491736281960434	0.1564580329188945	1.4461387574197303E-4	0.573977301727049	2.254430568425625E-4	2.3863955294999245E-4
59	59	0.12309077792483673	0.09539879081422072	0.05917685048451469	0.16741285554255447	0.01650594469659046	8.621963917833817E-5	0.5118272112245548	2.4272013523052345E-5	0.024914708884108815	5.583327819747348E-4	0.001004035993943364
60	60	0.0029328051593309457	0.02249472705712351	5.2235528111714675E-5	0.9193338217309486	1.6991073515970907E-4	1.0732027058492623E-5	9.687602540968344E-5	0.03733941549082767	2.2235853599788973E-5	0.01752417150639318	2.3068886036162375E-5
61	61	7.094662841904629E-4	1.9178303622205796E-4	1.0946067401089817E-4	0.18430692862806708	3.086528525893035E-4	6.370639876587159E-4	7.926472128274988E-5	0.7493557749905783	1.2821126472155214E-4	0.008535176938738342	0.05563821662193983
62	62	0.2848276149620803	0.0022752549048753274	9.027207200984063E-4	0.1314030623787003	6.597646649355257E-4	0.004631955263069966	1.0451255570626278E-4	0.039925754972586706	6.746458416474484E-4	3.8353393752953787E-4	0.53421117979877
63	63	2.205515514814455E-4	0.020046682772735847	0.7159232357594473	0.06397836328706305	0.03163460706863125	8.246712852577511E-5	0.14828644436965113	0.018987729541550365	3.1761066443747814E-4	2.0218610904394293E-4	3.2012174743182995E-4
64	64	0.016171675534613038	0.006522966913255886	1.37543626742311E-4	0.001339145566349917	0.008984135075650223	0.14095006645321262	2.988665817646446E-4	1.2567829470303444E-4	0.5714507314065952	0.25382711246968936	1.920780774233577E-4
65	65	1.1316089213763293E-4	0.10660989234518577	5.507493168595795E-5	0.37929535129605124	0.042022180870972814	1.4516799370221817E-4	2.1261453887186843E-5	0.025556305921683672	6.01044683234487E-5	0.4460601069681438	6.139285822578136E-5
66	66	7.742528105674122E-4	0.7619575820107292	0.10797028571868718	0.11047156178719007	0.014940918280950587	9.253935998613559E-5	5.486160439191056E-4	0.0012717164924736868	0.0010518927210480362	7.217180238895754E-4	1.9891675055834317E-4
67	67	0.00234214074614154	0.5962159054117175	0.08461724479511468	0.10584617790341136	8.250463122295996E-5	1.6541015536517348E-5	1.7493764882649848E-4	0.021572903652463546	0.04843981666975976	0.14063064704814782	6.118047765749584E-5
68	68	1.7033403854516433E-4	0.13757187638955395	0.002422359349941387	0.09085767428482569	6.54136570402118E-4	2.586481134341802E-4	2.0056443564621412E-4	0.02993168664828736	0.6788724822635059	0.05860704301996641	4.5319488589093664E-4
69	69	8.107765253603855E-4	0.0026226474970060996	0.0024179148066017387	0.0034782523682642687	0.06299262212642873	1.5389464456681172E-4	1.9712844974909205E-4	0.062432621441126046	0.0022261368221853078	0.14925284933822386	0.713415155980488
70	70	1.4435680225457925E-4	0.9093478214277319	0.010261146657615693	0.04362253046557963	8.285961009934489E-4	1.1419479997525272E-4	3.1392103551674316E-5	1.0088247725873668E-4	9.165380154558444E-4	0.03172182507312734	0.0029107160764557053
71	71	1.2402171419973384E-4	0.46274582263751385	3.746413185340276E-5	0.26573976946897226	2.6468319465808758E-5	7.697176448829354E-6	9.859553365706747E-6	0.001739405331252843	1.594789947090877E-5	0.26159542308783135	0.007958120679625704
72	72	0.003952511035326341	0.004338058243318241	0.019554818754326183	0.13461753794714687	0.0010169283855415035	1.5556360098429027E-4	0.0021272304538485194	0.14866310138702976	0.03165173266061528	0.05302728399350984	0.6008952335383536
73	73	0.0010695739907202663	0.15288791088281395	2.2613017313107993E-4	0.22113068523513824	2.415504882137082E-4	5.239187758642711E-4	3.6179082010636635E-4	0.05958481068462786	4.6290741236197663E-4	4.028774380727147E-4	0.5631078440989495
74	74	0.004462397150327868	0.03288036370699564	0.08058764164735567	0.16219653347051732	0.005620338105293185	6.002918856864731E-4	0.1114522287290196	5.303125231577407E-4	0.05757102565552875	0.06314413743714245	0.4809547296889748
75	75	0.0011239906896439579	3.610288205271811E-4	1.461155953236022E-4	0.041921733771619236	0.9559043656733072	7.768037102823236E-6	2.1984383931093208E-5	2.2513333982295995E-5	2.0863972386082904E-4	9.668540864377359E-5	1.851745620581519E-4
76	76	4.8875999409939255E-5	0.0013078656117253996	2.751075608365166E-4	0.02800524064263135	0.9699446483941648	2.3649281512533648E-5	1.5560407016860118E-4	8.43754924168918E-5	3.359368088603353E-5	5.7981359314694154E-5	6.30579069329791E-5
77	77	2.3469011889293786E-4	8.46856292884469E-5	9.84913721412067E-5	0.02697123460724917	0.09002817111068308	4.4099486605030954E-5	1.0002320201326757E-5	1.1940659842953543E-4	0.8530932020996546	0.029287134764331597	2.8881892522834038E-5
78	78	6.111737233834946E-4	0.014144666378470254	2.8799115136009506E-4	0.06103902022829087	0.8844097149305581	1.1484270217610919E-4	0.009161789393855027	2.16447794385149E-4	0.02886697240223477	0.0011036704014492646	4.3710893836557856E-5
79	79	0.8706358958409472	0.025176390426336858	7.929941886465402E-5	0.08277062232346065	0.01911255538076041	9.794733522318771E-5	3.061321886126694E-5	0.0012910590447801865	1.23565249166139E-4	2.234147795790624E-4	4.586369820198006E-4
80	80	4.862783194519932E-4	0.0032888718272904164	0.004738978889427149	0.07529745977111954	0.900301781116491	9.2301178921463E-5	5.472039966188359E-4	5.534890738745617E-4	0.012488453000767206	0.001148832978550049	0.0010563498474879145
81	81	5.421162426319399E-4	1.23216493689532E-4	8.504887964826733E-5	0.027630481304884942	0.022858976670617977	1.1592540715208802E-4	1.6978554539875952E-5	8.392455526367069E-4	0.9209617999045221	0.026653980420903986	1.7223056877205368E-4
82	82	0.03055391598736436	0.03916634897326859	1.0757324681236885E-4	0.5732774587847184	0.3178815429352503	7.699640026290111E-4	1.773093794982968E-4	0.01822924815343482	0.005540878674060797	0.014103888076086724	1.9187178687598235E-4
83	83	0.08559163331298175	1.7021242613127565E-4	6.075529559547364E-5	0.8755053840313667	0.033846887044406714	7.504240749141431E-5	1.0855237827685798E-4	0.003825747065109695	5.768918304649404E-4	1.7116936250050716E-4	6.772484567437688E-5
84	84	0.012485965793618208	2.653073096048015E-4	0.01132496285558681	0.0253604740318152	0.9176195994784248	2.8540086423651846E-5	3.6557886781804816E-5	2.595694712343132E-4	0.029859126049373602	0.0022121990332576117	5.476980038790546E-4
85	85	1.4688089859365777E-4	0.02282935136211001	3.811010085729482E-5	0.15518570185088387	3.74471078388243E-4	8.829691815449968E-5	2.75970027574488E-5	0.692685686568696	1.7814321950535112E-4	0.1282993216891082	1.464393109448383E-4
86	86	0.20536918542405785	0.025792405859806845	0.0010789813087752178	0.18610809637256176	0.04571472953903931	8.431020460636894E-4	2.9297940592282716E-4	0.2857706050631942	1.861441724296259E-4	0.03729528149888544	0.2115484893092629
87	87	2.412996656235639E-4	1.0299742848471562E-4	1.679947065020532E-5	0.04154264482670878	0.02689806185880893	9.497113244013361E-6	5.630327135786293E-5	2.482151585070278E-4	0.8906681448219272	0.040048494915162734	1.6754146952443761E-4
